,Albania,Austria,Belgium,Bosnia and Herzegovina,Bulgaria,Croatia,Czechia,Denmark,Estonia,Finland,France,Germany,Greece,Hungary,Iceland,Ireland,Israel,Italy,Latvia,Lithuania,Montenegro,Netherlands,North Macedonia,Norway,Poland,Portugal,Romania,Serbia,Slovakia,Slovenia,Spain,Sweden,Switzerland,United Kingdom
2020-01-22,0,0,0,0,0,0,0,0,0,0,0,0,0,0,0,0,0,0,0,0,0,0,0,0,0,0,0,0,0,0,0,0,0,0
2020-01-23,0,0,0,0,0,0,0,0,0,0,0,0,0,0,0,0,0,0,0,0,0,0,0,0,0,0,0,0,0,0,0,0,0,0
2020-01-24,0,0,0,0,0,0,0,0,0,0,0,2,0,0,0,0,0,0,0,0,0,0,0,0,0,0,0,0,0,0,0,0,0,0
2020-01-25,0,0,0,0,0,0,0,0,0,0,0,3,0,0,0,0,0,0,0,0,0,0,0,0,0,0,0,0,0,0,0,0,0,0
2020-01-26,0,0,0,0,0,0,0,0,0,0,0,3,0,0,0,0,0,0,0,0,0,0,0,0,0,0,0,0,0,0,0,0,0,0
2020-01-27,0,0,0,0,0,0,0,0,0,0,0,3,1,0,0,0,0,0,0,0,0,0,0,0,0,0,0,0,0,0,0,0,0,0
2020-01-28,0,0,0,0,0,0,0,0,0,0,0,4,4,0,0,0,0,0,0,0,0,0,0,0,0,0,0,0,0,0,0,0,0,0
2020-01-29,0,0,0,0,0,0,0,0,0,0,1,5,4,0,0,0,0,0,0,0,0,0,0,0,0,0,0,0,0,0,0,0,0,0
2020-01-30,0,0,0,0,0,0,0,0,0,0,1,5,4,0,0,0,0,0,0,0,0,0,0,0,0,0,0,0,0,0,0,0,0,0
2020-01-31,0,0,0,0,0,0,0,0,0,0,1,5,5,0,0,0,0,0,2,0,0,0,0,0,0,0,0,0,0,0,0,1,0,2
2020-02-01,1,0,0,0,0,0,0,0,0,0,1,6,8,0,0,0,0,0,2,0,0,0,0,0,0,0,0,0,0,0,0,1,0,2
2020-02-02,1,0,0,0,0,0,0,0,0,0,1,6,10,0,0,0,0,0,2,0,0,0,0,0,0,0,0,0,0,0,0,1,0,2
2020-02-03,1,0,0,0,0,0,0,0,0,0,1,6,12,0,0,0,0,0,2,0,0,0,0,0,0,0,0,0,0,0,0,1,0,2
2020-02-04,1,0,0,1,0,0,0,0,0,0,1,6,12,0,0,0,0,0,2,0,0,0,0,0,0,0,0,0,0,0,0,1,0,2
2020-02-05,1,0,0,1,0,0,0,0,0,0,1,6,12,0,0,0,0,0,2,0,0,0,0,0,0,0,0,0,0,0,0,1,0,2
2020-02-06,1,0,0,1,0,0,0,0,0,0,1,6,12,0,0,0,0,0,2,0,0,0,0,0,0,0,0,0,0,0,0,1,0,2
2020-02-07,1,0,0,1,0,0,0,0,0,0,1,6,13,0,0,0,0,0,3,0,0,0,0,0,0,0,0,0,0,0,0,1,0,3
2020-02-08,1,0,0,1,0,0,0,0,0,0,1,11,13,0,0,0,0,0,3,0,0,0,0,0,0,0,0,0,0,0,0,1,0,3
2020-02-09,2,0,0,1,0,0,0,0,0,0,1,11,14,0,0,0,0,0,3,0,0,0,0,0,0,0,0,0,0,0,0,1,0,3
2020-02-10,2,0,0,1,0,0,0,0,0,0,1,11,14,0,0,0,0,0,3,0,0,0,0,0,0,0,0,0,0,0,0,1,0,8
2020-02-11,2,0,0,1,0,0,0,0,0,0,1,11,16,0,0,0,0,0,3,0,0,0,0,0,0,0,0,0,0,0,0,1,0,8
2020-02-12,2,0,0,1,0,0,0,0,0,0,0,9,16,0,0,0,0,0,3,0,0,0,0,0,0,0,0,0,0,0,0,1,0,8
2020-02-13,2,0,0,1,0,0,0,0,0,0,0,9,15,0,0,0,0,0,3,0,0,0,0,0,0,0,0,0,0,0,0,1,0,8
2020-02-14,2,0,0,1,0,0,0,0,0,0,0,9,15,0,0,0,0,0,3,0,0,0,0,0,0,0,0,0,0,0,0,1,0,8
2020-02-15,0,0,0,1,0,0,0,0,0,0,0,7,15,0,0,0,0,0,3,0,0,0,0,0,0,0,0,0,0,0,0,1,0,8
2020-02-16,0,0,0,1,0,0,0,0,0,0,0,7,15,0,0,0,0,0,3,0,0,0,0,0,0,0,0,0,0,0,0,1,0,1
2020-02-17,0,0,0,0,0,0,0,0,0,0,0,7,15,0,0,0,0,0,3,0,0,0,0,0,0,0,0,0,0,0,0,1,0,1
2020-02-18,0,0,0,0,0,0,0,0,0,0,0,7,4,0,0,0,0,0,3,0,0,0,0,0,0,0,0,0,0,0,0,1,0,1
2020-02-19,0,0,0,0,0,0,0,0,0,0,0,7,4,0,0,0,0,0,3,0,0,0,0,0,0,0,0,0,0,0,0,1,0,1
2020-02-20,0,0,0,0,0,0,0,0,0,0,0,7,4,0,0,0,0,0,3,0,0,0,0,0,0,0,0,0,0,0,0,1,0,1
2020-02-21,0,0,0,0,0,0,0,0,0,0,0,7,2,0,0,0,0,1,19,0,0,0,0,0,0,0,0,0,0,0,0,1,0,1
2020-02-22,0,0,0,0,0,0,0,0,0,0,0,7,2,0,0,0,0,1,59,0,0,0,0,0,0,0,0,0,0,0,0,1,0,1
2020-02-23,0,0,0,0,0,0,0,0,0,0,0,7,2,0,0,0,0,1,150,0,0,0,0,0,0,0,0,0,0,0,0,1,0,1
2020-02-24,0,0,0,0,0,0,0,0,0,0,0,7,2,0,0,0,0,1,221,0,0,0,0,0,0,0,0,0,0,0,0,1,0,5
2020-02-25,4,0,2,0,0,0,1,0,0,0,0,2,3,0,0,0,0,1,311,0,0,0,0,0,0,0,0,0,0,0,0,1,1,5
2020-02-26,11,0,2,0,0,0,3,0,0,0,1,5,12,1,0,0,0,2,438,0,0,0,0,1,1,0,0,1,0,0,0,2,1,5
2020-02-27,13,0,3,0,0,0,3,0,1,1,1,25,30,3,0,0,0,2,593,0,0,0,1,1,1,0,0,1,0,0,0,7,8,7
2020-02-28,30,0,3,0,0,0,5,0,1,1,1,44,32,4,0,1,0,3,821,0,1,0,1,1,6,0,0,3,0,0,0,7,8,12
2020-02-29,43,0,9,0,0,0,6,0,3,1,2,86,63,4,0,1,1,6,1053,0,1,0,6,1,15,0,0,3,0,0,0,12,18,15
2020-03-01,82,0,14,1,0,0,7,3,4,1,5,116,114,7,0,3,1,9,1577,0,1,0,10,1,19,0,0,3,0,0,0,14,27,28
2020-03-02,118,0,18,7,0,0,7,3,4,1,5,176,143,7,0,6,1,9,1835,1,1,0,18,1,25,0,2,3,0,0,0,15,42,32
2020-03-03,162,0,21,12,0,0,9,5,6,2,5,188,180,7,0,11,2,11,2263,1,1,0,24,1,32,0,2,3,0,0,0,21,54,43
2020-03-04,218,0,29,22,0,0,10,8,11,2,5,272,246,9,2,26,6,14,2706,1,1,0,38,1,56,1,5,3,0,0,0,35,87,78
2020-03-05,254,0,41,49,2,0,10,12,11,3,11,362,466,31,2,34,6,19,3296,1,1,0,82,1,87,1,8,5,0,0,2,94,110,107
2020-03-06,393,0,55,108,2,0,11,18,23,10,14,635,653,45,2,43,18,35,3916,1,1,0,127,3,108,5,13,8,1,1,7,101,210,154
2020-03-07,460,0,79,168,3,0,12,19,23,10,14,936,781,46,4,50,18,41,5061,1,1,0,187,3,147,5,20,6,1,1,7,161,264,187
2020-03-08,626,0,104,199,3,4,12,31,36,10,22,1105,1022,73,7,50,19,59,6387,2,1,0,262,3,176,11,30,12,1,3,16,203,332,253
2020-03-09,1013,2,129,238,3,4,12,31,91,10,29,1188,1156,73,9,58,21,59,7985,6,1,0,318,3,204,16,30,12,1,3,16,247,369,300
2020-03-10,1628,10,178,266,5,4,14,41,263,12,39,1749,1437,89,9,68,34,71,8794,7,1,0,378,7,399,22,41,22,5,7,31,354,485,359
2020-03-11,2040,11,242,310,7,6,19,91,443,16,58,2233,1880,98,13,84,42,75,10590,9,3,0,498,7,597,31,59,39,12,10,57,498,644,432
2020-03-12,2039,22,297,310,11,6,19,94,616,16,58,2233,2050,98,13,102,42,96,10590,9,3,0,498,7,701,48,59,43,19,16,89,597,644,432
2020-03-13,4906,32,497,555,13,22,31,141,803,79,154,3590,3622,189,19,133,89,122,14955,16,6,0,796,13,995,66,111,82,35,32,141,812,1124,775
2020-03-14,5679,37,648,684,18,39,37,189,834,115,224,4393,4530,217,29,155,127,151,17750,25,8,0,948,13,1086,100,167,114,46,44,180,958,1342,1104
2020-03-15,6992,41,853,881,24,49,48,253,872,170,234,4429,5738,319,30,158,127,209,20603,29,11,0,1116,13,1217,116,243,122,48,54,218,1018,2182,1105
2020-03-16,9070,50,1009,1052,25,50,55,295,929,204,267,6522,7188,319,37,180,167,214,23073,33,16,0,1390,17,1329,160,328,149,54,63,252,1096,2182,1474
2020-03-17,10187,54,1328,1232,24,65,61,393,1020,224,311,7554,9166,374,47,219,216,239,26062,48,24,2,1666,25,1459,220,444,168,64,72,274,1182,2669,1851
2020-03-18,12206,57,1633,1441,36,90,77,461,1111,257,326,8963,12194,405,55,244,285,293,28710,70,26,2,1998,34,1543,233,443,241,82,104,274,1268,2985,2503
2020-03-19,16026,62,1998,1743,61,91,99,691,1218,266,390,10714,15163,404,70,324,549,416,33190,85,35,3,2388,47,1738,349,779,252,102,122,285,1412,4019,2511
2020-03-20,17779,68,2373,2219,87,124,122,829,1327,282,440,12295,19601,470,80,404,675,515,38549,110,48,14,2894,66,1906,419,1009,283,133,136,340,1607,5225,3769
2020-03-21,21874,72,2797,2485,90,157,200,989,1406,305,512,13888,21896,498,92,450,777,675,42681,123,81,14,3501,84,2110,530,1263,315,169,177,382,1727,6485,4766
2020-03-22,24421,85,3557,3063,123,181,248,1113,1500,324,615,13361,24513,590,109,531,897,845,46638,138,141,21,4035,113,2377,626,1581,366,219,178,412,1897,7245,5396
2020-03-23,30250,98,4444,3392,133,195,309,1229,1547,350,689,17055,28667,659,144,551,1114,1033,50826,179,177,26,4548,133,2610,740,2032,505,245,179,439,2005,8544,6323
2020-03-24,33283,108,5246,3686,161,212,376,1381,1650,362,781,18270,29586,694,157,595,1317,1182,54030,196,206,46,5300,145,2845,890,2307,704,285,197,476,2234,9624,7601
2020-03-25,40501,124,5549,4212,171,235,419,1638,1787,395,867,20360,33570,763,195,679,1550,2306,57521,220,269,51,6077,173,3064,1030,2930,803,365,209,513,2448,10613,9034
2020-03-26,46406,151,6748,5340,186,253,470,1906,1932,529,943,22898,37998,830,223,718,1795,2617,62013,243,294,68,7027,195,3349,1198,3441,912,383,224,546,2747,11489,11082
2020-03-27,51224,147,7374,6137,228,281,546,2259,2091,563,1024,25698,43871,886,256,791,2094,2944,66414,279,352,81,8094,213,3730,1366,4149,1151,456,267,613,2948,11167,13833
2020-03-28,54968,156,7978,7718,248,313,607,2609,2244,624,1148,30064,48781,977,298,847,2374,3518,70065,304,386,83,9173,234,3985,1613,5027,1276,649,290,665,3326,12282,16140
2020-03-29,58598,169,8223,9046,309,324,655,2790,2419,656,1219,30871,52351,1066,361,883,2564,4100,73880,346,452,84,9905,250,4252,1833,5800,1566,728,312,709,3574,12934,18398
2020-03-30,63460,168,8874,9859,341,334,717,2953,2605,692,1329,34176,52740,1117,398,927,2851,4518,75528,375,477,90,10699,266,4401,2017,6225,1835,769,329,735,3866,13740,20871
2020-03-31,68200,176,8957,10374,390,374,794,3232,2872,715,1391,39782,54933,1213,439,935,3159,5114,77635,397,522,107,11374,308,4589,2271,7240,1943,884,360,777,4239,14349,23509
2020-04-01,72084,177,9129,11004,427,392,884,3408,2215,741,1419,42282,58252,1313,465,993,3357,5825,80572,445,566,121,12261,326,4806,2464,8021,2116,1032,396,816,4605,14313,27329
2020-04-02,74974,185,9222,11842,497,422,916,3747,2278,802,1199,41983,61247,1430,522,1031,3746,6483,83049,427,633,142,13187,356,5065,2833,8757,2356,1140,420,810,5157,14278,31055
2020-04-03,77488,198,9334,12755,535,441,979,3966,2520,901,1295,44547,65309,1472,554,1051,4148,6985,85388,491,680,171,14071,398,5279,3256,9572,2767,1437,439,844,5568,14169,34870
2020-04-04,80002,214,9088,13901,573,452,995,4335,2729,967,1557,46354,68248,1527,588,1017,4442,7380,88274,507,753,198,14809,446,5456,3432,10183,3138,1580,460,876,5865,13424,37942
2020-04-05,80925,237,8849,14493,601,474,1042,4424,2953,1020,1599,46970,69839,1584,633,1054,4811,7904,91246,531,791,211,15925,514,5584,3874,10908,3339,1857,474,890,6224,13970,43264
2020-04-06,82897,240,8614,15196,598,488,1076,4623,3199,1027,1849,48989,72864,1407,639,1096,5165,8262,93187,525,820,230,16794,517,5757,4144,11279,3475,2142,524,889,6524,12836,46607
2020-04-07,84689,230,8350,16002,663,512,1097,4757,3442,1059,1974,49297,69566,1482,699,1021,5474,8413,94067,530,857,235,17329,543,5965,4528,11913,3760,2386,566,921,6897,12728,49453
2020-04-08,85407,224,8157,16482,691,527,1145,4980,3616,1089,2147,50718,64647,1532,743,977,5814,8530,95262,559,889,242,18155,553,5953,4824,12565,4013,2601,664,931,7527,12585,54018
2020-04-09,85610,221,7709,17296,722,546,1168,5156,3710,1100,2263,51725,63167,1599,818,954,6286,8871,96877,570,931,246,19222,596,6071,5117,13342,4307,2801,676,953,8143,12503,57520
2020-04-10,86524,211,7172,18080,736,556,1243,5267,3838,1141,2421,53328,65491,1650,1001,917,7777,9130,98273,593,923,249,20442,638,6169,5456,14804,4468,3034,690,978,8434,12449,65043
2020-04-11,87312,213,6865,18686,770,571,1190,5291,3820,1187,2556,54349,64772,1719,1110,840,8583,9301,100269,611,949,256,21627,685,6258,5773,15251,4941,3306,703,990,8883,11971,69360
2020-04-12,87231,206,6608,19584,777,578,1204,5389,3805,1186,2618,79831,64532,1747,1193,804,9296,9415,102253,630,933,264,22704,753,6365,6003,15804,5132,3550,717,1002,9203,11609,73951
2020-04-13,87616,212,6330,19979,792,582,1225,5397,3825,1202,2705,82407,62578,1777,1229,770,10257,9615,103616,634,937,266,23582,772,6437,6202,16122,5388,3969,660,1005,9648,10850,77919
2020-04-14,86981,203,6209,20094,807,597,1258,5308,3718,1227,2797,86515,59865,1800,1268,723,11048,9728,104291,636,940,233,24328,778,6452,6321,16534,5477,4371,720,1012,10031,11062,82393
2020-04-15,88083,218,5845,22026,816,606,1235,5231,3642,1248,2865,85924,58349,1821,1253,642,12026,9808,105418,617,923,229,24867,831,6558,6628,17109,5627,4774,706,1022,10343,9697,86221
2020-04-16,90836,215,5080,22390,847,640,1227,5292,3550,1265,1594,95823,56646,1833,1311,587,12708,9798,106607,613,918,244,25745,914,6712,6830,17719,5958,5215,802,1033,10657,9551,90011
2020-04-17,96040,230,4460,23014,848,664,1178,5202,3361,1276,1707,95421,53931,1847,1400,521,13373,9705,106962,589,906,243,26833,929,6744,7181,17846,6148,5046,865,1064,11266,9351,94768
2020-04-18,96886,220,4014,23382,883,684,1178,5198,3060,1312,1891,93217,53483,1856,1431,460,14110,9645,107771,619,978,247,27836,957,6840,7414,18388,6267,5240,865,1057,11761,8936,99402
2020-04-19,100864,222,3796,24056,890,691,1115,5262,2897,1324,1989,97170,52598,1853,1477,471,14564,9565,108257,634,1021,248,28819,977,6881,7887,18882,6403,5443,920,1064,12295,8547,104641
2020-04-20,98771,231,3694,25260,879,719,1063,5147,2848,1330,1770,98152,50703,1860,1518,401,14888,9487,108237,646,1047,219,29502,971,6943,8080,19518,6441,5635,909,1065,12647,7915,108860
2020-04-21,100382,238,3411,25956,854,760,1059,5079,2632,1340,1873,98649,48058,1703,1598,351,6077,9251,107709,606,1014,207,30314,952,6977,8158,19700,6591,5635,927,1070,13007,7185,112156
2020-04-22,100757,251,3087,26194,855,801,1033,4935,2448,1331,1980,94426,45969,1710,1648,313,6669,9094,107699,617,975,194,30863,931,7119,8230,20054,6780,5635,946,1069,13517,6859,115804
2020-04-23,101617,251,2786,26507,874,855,1048,4825,2304,1355,2112,94809,44254,1761,1655,270,7580,9000,106848,634,959,188,31628,943,7175,8317,20332,7073,5635,1022,1076,14184,6347,119743
